PEC_X_MIN = -0.9873862
PEC_X_MAX = 0.9886856
PEC_DX = 3.41e-05
PEC_NX = 1004
PEC_Y_MIN = -0.9867069
PEC_Y_MAX = 0.987431
PEC_DY = 0.0008218
PEC_NY = 1003
PEC_Z_MIN = -0.9869933
PEC_Z_MAX = 0.988227
PEC_DZ = 0.0001126
PEC_NZ = 1004
PEC_F_MIN = 0.05
PEC_F_MAX = 0.6
PEC_DF = 0.0055
PEC_NF = 101
